{
 "cells": [
  {
   "cell_type": "code",
   "execution_count": 27,
   "metadata": {},
   "outputs": [
    {
     "data": {
      "text/plain": [
       "array([ 24.313847 , -18.891674 ,   1.3315092,   0.       ], dtype=float32)"
      ]
     },
     "execution_count": 27,
     "metadata": {},
     "output_type": "execute_result"
    }
   ],
   "source": [
    "import numpy as np\n",
    "path = '../data/DonaSet/points/000007.bin'\n",
    "\n",
    "fields = 4\n",
    "# Read the binary file into a NumPy array\n",
    "data = np.fromfile(path, dtype=np.float32)\n",
    "\n",
    "# Reshape the 1D array to a 2D array with 4 columns\n",
    "data = data.reshape(-1, 4)\n",
    "data[0]"
   ]
  },
  {
   "cell_type": "code",
   "execution_count": 9,
   "metadata": {},
   "outputs": [
    {
     "data": {
      "text/plain": [
       "(26032, 3)"
      ]
     },
     "execution_count": 9,
     "metadata": {},
     "output_type": "execute_result"
    }
   ],
   "source": [
    "import open3d as o3d\n",
    "path = '/home/riccardo/SUSTechPOINTS/data/234184_2023-01-04_10-08_episodes/lidar/1672856106850014000.pcd'\n",
    "pcd = o3d.io.read_point_cloud(path)\n",
    "points = np.array(pcd.points)\n",
    "points.shape"
   ]
  },
  {
   "cell_type": "code",
   "execution_count": 19,
   "metadata": {},
   "outputs": [],
   "source": [
    "x = data[:,0]\n",
    "y = data[:,1]\n",
    "z = data[:,2]"
   ]
  },
  {
   "cell_type": "code",
   "execution_count": 21,
   "metadata": {},
   "outputs": [],
   "source": [
    "import open3d as o3d\n",
    "point_cloud = o3d.geometry.PointCloud()\n",
    "point_cloud.points = o3d.utility.Vector3dVector(data[:, :3]) \n",
    "o3d.visualization.draw_geometries([point_cloud])"
   ]
  },
  {
   "cell_type": "code",
   "execution_count": 3,
   "metadata": {},
   "outputs": [
    {
     "name": "stdout",
     "output_type": "stream",
     "text": [
      "Tr_velo_to_cam matrix:\n",
      "[[ 0.00775545 -0.9999694  -0.0010143  -0.00727554]\n",
      " [ 0.00229406  0.00103212 -0.9999968  -0.06324057]\n",
      " [ 0.9999673   0.0077531   0.00230199 -0.2670414 ]\n",
      " [ 0.          0.          0.          1.        ]]\n"
     ]
    }
   ],
   "source": [
    "import numpy as np\n",
    "# Specify the file path\n",
    "file_path = 'data/kitti/example/calib/000006.txt'\n",
    "\n",
    "# Read the file\n",
    "with open(file_path, 'r') as file:\n",
    "    lines = file.readlines()\n",
    "\n",
    "# Extract Tr_velo_to_cam matrix\n",
    "for line in lines:\n",
    "    if line.startswith('Tr_velo_to_cam:'):\n",
    "        # Extract the matrix values and convert them to a NumPy array\n",
    "        tr_velo_to_cam_values = [float(x) for x in line.strip().split()[1:]]\n",
    "        tr_velo_to_cam_values.extend([0,0,0,1])\n",
    "        tr_velo_to_cam = np.array(tr_velo_to_cam_values).reshape(4, 4)\n",
    "        break\n",
    "\n",
    "print(\"Tr_velo_to_cam matrix:\")\n",
    "print(tr_velo_to_cam)\n",
    "tr_cam_to_velo = np.linalg.inv(tr_velo_to_cam)"
   ]
  },
  {
   "cell_type": "code",
   "execution_count": 35,
   "metadata": {},
   "outputs": [
    {
     "name": "stdout",
     "output_type": "stream",
     "text": [
      "[48.46644438  3.08947793 -0.76886957  3.61999989  1.55999994  1.48000002\n",
      "  0.05      ]\n"
     ]
    }
   ],
   "source": [
    "from mmdet3d.structures import LiDARInstance3DBoxes\n",
    "from mmdet3d.structures import CameraInstance3DBoxes\n",
    "import torch\n",
    "\n",
    "x_c = np.array([-2.72, 0.82, 48.22, 1])\n",
    "x_v = tr_cam_to_velo @ x_c.T\n",
    "x_v, x_c\n",
    "def convert_box_cam_to_lidar(box,tr_cam_to_velo):\n",
    "    b =  np.array(box)[0]\n",
    "    P_c = np.concatenate((b[:3], [1]))\n",
    "    P_l = tr_cam_to_velo @ P_c.T\n",
    "    arr = np.concatenate((P_l[:3],[b[5]],[b[3]],[b[4]],[-1.57-b[6] ]))    \n",
    "    print(arr)\n",
    "    box_l = LiDARInstance3DBoxes(\n",
    "        torch.tensor([arr])\n",
    "    )\n",
    "    return box_l\n",
    "\n",
    "box_c = CameraInstance3DBoxes(\n",
    "     torch.tensor([[-2.72, 0.82, 48.22 ,1.48, 1.56, 3.62, -1.62]])\n",
    ")\n",
    "box_l =convert_box_cam_to_lidar(box_c,tr_cam_to_velo)\n",
    "# box_l,box_c"
   ]
  },
  {
   "cell_type": "code",
   "execution_count": 36,
   "metadata": {},
   "outputs": [
    {
     "name": "stdout",
     "output_type": "stream",
     "text": [
      "[19.89309735 12.68906065 -1.64451328  3.88000011  1.62        1.5\n",
      " -1.15000001]\n",
      "LiDARInstance3DBoxes(\n",
      "    tensor([[19.8931, 12.6891, -1.6445,  1.5000,  3.8800,  1.6200, -1.1508]]))\n",
      "\u001b[1;33m[Open3D WARNING] GLFW Error: The GLFW library is not initialized\u001b[0;m\n"
     ]
    },
    {
     "ename": "SystemExit",
     "evalue": "0",
     "output_type": "error",
     "traceback": [
      "An exception has occurred, use %tb to see the full traceback.\n",
      "\u001b[0;31mSystemExit\u001b[0m\u001b[0;31m:\u001b[0m 0\n"
     ]
    }
   ],
   "source": [
    "import torch\n",
    "import numpy as np\n",
    "\n",
    "from mmdet3d.visualization import Det3DLocalVisualizer\n",
    "from mmdet3d.structures import LiDARInstance3DBoxes\n",
    "from mmdet3d.structures import CameraInstance3DBoxes\n",
    "\n",
    "from mmdet3d.structures import (BaseInstance3DBoxes, Box3DMode,\n",
    "                                CameraInstance3DBoxes, Coord3DMode,\n",
    "                                DepthInstance3DBoxes, DepthPoints,\n",
    "                                Det3DDataSample, LiDARInstance3DBoxes,\n",
    "                                PointData, points_cam2img)\n",
    "\n",
    "points = np.fromfile('data/kitti/example/000006.bin', dtype=np.float32)\n",
    "points = points.reshape(-1, 4)\n",
    "visualizer = Det3DLocalVisualizer()\n",
    "# set point cloud in visualizer\n",
    "visualizer.set_points(points)\n",
    "# Car 0.00 2 -1.55 548.00 171.33 572.40 194.42 1.48 1.56 3.62 -2.72 0.82 48.22 -1.62\n",
    "# Car 0.00 0 -1.21 505.25 168.37 575.44 209.18 1.67 1.64 4.32 -2.61 1.13 31.73 -1.30\n",
    "# Car 0.00 0 0.15 49.70 185.65 227.42 246.96 1.50 1.62 3.88 -12.54 1.64 19.72 -0.42\n",
    "\n",
    "bboxes_3d = CameraInstance3DBoxes(\n",
    "     torch.tensor([[-12.54, 1.64 ,19.72,1.50 ,1.62 ,3.88,(-0.42)]])\n",
    "     # torch.tensor([[-2.72,0.82 ,48.22, 1.48 ,1.56 ,3.62, -1.62]])\n",
    "     # torch.tensor([[-2.61, 1.13 ,31.73,4.32 ,1.64 ,1.67,-1.30]])\n",
    ")\n",
    "bboxes_3d_l_manual =  convert_box_cam_to_lidar(bboxes_3d,tr_cam_to_velo)\n",
    "bboxes_3d_l = bboxes_3d.convert_to(Box3DMode.LIDAR,\n",
    "                         tr_cam_to_velo)\n",
    "print(bboxes_3d_l)\n",
    "# Draw 3D bboxes\n",
    "visualizer.draw_bboxes_3d(bboxes_3d_l_manual,bbox_color=(255,128,64),rot_axis=2)\n",
    "visualizer.show()"
   ]
  },
  {
   "cell_type": "code",
   "execution_count": 17,
   "metadata": {},
   "outputs": [
    {
     "name": "stdout",
     "output_type": "stream",
     "text": [
      "{'metainfo': {'categories': {'Pedestrian': 0, 'Cyclist': 1, 'Car': 2, 'Van': 3, 'Truck': 4, 'Person_sitting': 5, 'Tram': 6, 'Misc': 7, 'DontCare': -1}, 'dataset': 'kitti', 'info_version': '1.1'}, 'data_list': [{'sample_idx': 0, 'images': {'CAM0': {'cam2img': [[707.0493, 0.0, 604.0814, 0.0], [0.0, 707.0493, 180.5066, 0.0], [0.0, 0.0, 1.0, 0.0], [0.0, 0.0, 0.0, 1.0]], 'lidar2img': [[602.9436979403572, -707.9132863314612, -12.274842681831494, -216.70101629403663], [176.77725024402153, 8.80879965630006, -707.9361204188122, -102.22321541671865], [0.9999848008155823, -0.0015282672829926014, -0.005290712229907513, -0.33254897594451904], [0.0, 0.0, 0.0, 1.0]]}, 'CAM1': {'cam2img': [[707.0493, 0.0, 604.0814, -379.7842], [0.0, 707.0493, 180.5066, 0.0], [0.0, 0.0, 1.0, 0.0], [0.0, 0.0, 0.0, 1.0]], 'lidar2img': [[602.9436979403572, -707.9132863314612, -12.274842681831494, -596.4852162940366], [176.77725024402153, 8.80879965630006, -707.9361204188122, -102.22321541671865], [0.9999848008155823, -0.0015282672829926014, -0.005290712229907513, -0.33254897594451904], [0.0, 0.0, 0.0, 1.0]]}, 'CAM2': {'cam2img': [[707.0493, 0.0, 604.0814, 45.75831], [0.0, 707.0493, 180.5066, -0.3454157], [0.0, 0.0, 1.0, 0.004981016], [0.0, 0.0, 0.0, 1.0]], 'lidar2img': [[602.9436979403572, -707.9132863314612, -12.274842681831494, -170.94270629403664], [176.77725024402153, 8.80879965630006, -707.9361204188122, -102.56863111671865], [0.9999848008155823, -0.0015282672829926014, -0.005290712229907513, -0.32756795994451904], [0.0, 0.0, 0.0, 1.0]], 'lidar2cam': [[-0.0015960987657308578, -0.9999162554740906, -0.012840436771512032, -0.022366708144545555], [-0.00527064548805356, 0.012848696671426296, -0.9999035596847534, -0.05967890843749046], [0.9999848008155823, -0.0015282672829926014, -0.005290712229907513, -0.33254897594451904], [0.0, 0.0, 0.0, 1.0]]}, 'CAM3': {'cam2img': [[707.0493, 0.0, 604.0814, -334.1081], [0.0, 707.0493, 180.5066, 2.33066], [0.0, 0.0, 1.0, 0.003201153], [0.0, 0.0, 0.0, 1.0]], 'lidar2img': [[602.9436979403572, -707.9132863314612, -12.274842681831494, -550.8091162940366], [176.77725024402153, 8.80879965630006, -707.9361204188122, -99.89255541671865], [0.9999848008155823, -0.0015282672829926014, -0.005290712229907513, -0.32934782294451903], [0.0, 0.0, 0.0, 1.0]]}, 'R0_rect': [[0.9999127984046936, 0.010092630051076412, -0.008511931635439396, 0.0], [-0.010127290152013302, 0.9999405741691589, -0.004037670791149139, 0.0], [0.008470674976706505, 0.0041235219687223434, 0.9999555945396423, 0.0], [0.0, 0.0, 0.0, 1.0]]}, 'lidar_points': {'num_pts_feats': 4, 'lidar_path': '000000.bin', 'Tr_velo_to_cam': [[0.006927963811904192, -0.9999722242355347, -0.0027578289154917, -0.024577289819717407], [-0.0011629819637164474, 0.0027498360723257065, -0.9999955296516418, -0.06127237156033516], [0.999975323677063, 0.006931141018867493, -0.0011438990477472544, -0.33210289478302], [0.0, 0.0, 0.0, 1.0]], 'Tr_imu_to_velo': [[0.999997615814209, 0.0007553070900030434, -0.002035825978964567, -0.8086758852005005], [-0.0007854027207940817, 0.9998897910118103, -0.014822980388998985, 0.3195559084415436], [0.002024406101554632, 0.014824540354311466, 0.9998881220817566, -0.7997230887413025], [0.0, 0.0, 0.0, 1.0]]}, 'instances': [{'bbox_label': 0, 'bbox_3d': [1.84, 1.47, 8.41, 1.2, 1.89, 0.48, 0.01], 'bbox_label_3d': 0, 'score': 0.0, 'index': 0, 'group_id': 0}]}, {'sample_idx': 3, 'images': {'CAM0': {'cam2img': [[721.5377, 0.0, 609.5593, 0.0], [0.0, 721.5377, 172.854, 0.0], [0.0, 0.0, 1.0, 0.0], [0.0, 0.0, 0.0, 1.0]], 'lidar2img': [[609.6953812198489, -721.4215942607324, -1.2512579994207247, -167.8990963799692], [180.384193781635, 7.644797989528998, -719.6515015339527, -101.23306821726784], [0.999945342540741, 0.00012436555698513985, 0.010451302863657475, -0.2721328139305115], [0.0, 0.0, 0.0, 1.0]]}, 'CAM1': {'cam2img': [[721.5377, 0.0, 609.5593, -387.5744], [0.0, 721.5377, 172.854, 0.0], [0.0, 0.0, 1.0, 0.0], [0.0, 0.0, 0.0, 1.0]], 'lidar2img': [[609.6953812198489, -721.4215942607324, -1.2512579994207247, -555.4734963799692], [180.384193781635, 7.644797989528998, -719.6515015339527, -101.23306821726784], [0.999945342540741, 0.00012436555698513985, 0.010451302863657475, -0.2721328139305115], [0.0, 0.0, 0.0, 1.0]]}, 'CAM2': {'cam2img': [[721.5377, 0.0, 609.5593, 44.85728], [0.0, 721.5377, 172.854, 0.2163791], [0.0, 0.0, 1.0, 0.002745884], [0.0, 0.0, 0.0, 1.0]], 'lidar2img': [[609.6953812198489, -721.4215942607324, -1.2512579994207247, -123.04181637996919], [180.384193781635, 7.644797989528998, -719.6515015339527, -101.01668911726784], [0.999945342540741, 0.00012436555698513985, 0.010451302863657475, -0.2693869299305115], [0.0, 0.0, 0.0, 1.0]], 'lidar2cam': [[0.00023477384820580482, -0.9999441504478455, -0.01056347694247961, -0.002796816872432828], [0.010449407622218132, 0.01056535355746746, -0.999889612197876, -0.07510878890752792], [0.999945342540741, 0.00012436555698513985, 0.010451302863657475, -0.2721328139305115], [0.0, 0.0, 0.0, 1.0]]}, 'CAM3': {'cam2img': [[721.5377, 0.0, 609.5593, -339.5242], [0.0, 721.5377, 172.854, 2.199936], [0.0, 0.0, 1.0, 0.002729905], [0.0, 0.0, 0.0, 1.0]], 'lidar2img': [[609.6953812198489, -721.4215942607324, -1.2512579994207247, -507.4232963799692], [180.384193781635, 7.644797989528998, -719.6515015339527, -99.03313221726785], [0.999945342540741, 0.00012436555698513985, 0.010451302863657475, -0.2694029089305115], [0.0, 0.0, 0.0, 1.0]]}, 'R0_rect': [[0.9999238848686218, 0.009837759658694267, -0.007445048075169325, 0.0], [-0.00986979529261589, 0.9999421238899231, -0.004278459120541811, 0.0], [0.007402527146041393, 0.0043516140431165695, 0.999963104724884, 0.0], [0.0, 0.0, 0.0, 1.0]]}, 'lidar_points': {'num_pts_feats': 4, 'lidar_path': '000003.bin', 'Tr_velo_to_cam': [[0.0075337449088692665, -0.9999713897705078, -0.00061660201754421, -0.004069766029715538], [0.01480249036103487, 0.0007280732970684767, -0.9998902082443237, -0.07631617784500122], [0.9998620748519897, 0.007523790001869202, 0.014807550236582756, -0.2717806100845337], [0.0, 0.0, 0.0, 1.0]], 'Tr_imu_to_velo': [[0.999997615814209, 0.0007553070900030434, -0.002035825978964567, -0.8086758852005005], [-0.0007854027207940817, 0.9998897910118103, -0.014822980388998985, 0.3195559084415436], [0.002024406101554632, 0.014824540354311466, 0.9998881220817566, -0.7997230887413025], [0.0, 0.0, 0.0, 1.0]]}, 'instances': [{'bbox_label': 2, 'bbox_3d': [1.0, 1.75, 13.22, 4.15, 1.57, 1.73, 1.62], 'bbox_label_3d': 2, 'score': 0.0, 'index': 0, 'group_id': 0}, {'bbox_label': -1, 'bbox_3d': [-1000.0, -1000.0, -1000.0, -1.0, -1.0, -1.0, -10.0], 'bbox_label_3d': -1, 'score': 0.0, 'index': -1, 'group_id': 1}, {'bbox_label': -1, 'bbox_3d': [-1000.0, -1000.0, -1000.0, -1.0, -1.0, -1.0, -10.0], 'bbox_label_3d': -1, 'score': 0.0, 'index': -1, 'group_id': 2}]}, {'sample_idx': 7, 'images': {'CAM0': {'cam2img': [[721.5377, 0.0, 609.5593, 0.0], [0.0, 721.5377, 172.854, 0.0], [0.0, 0.0, 1.0, 0.0], [0.0, 0.0, 0.0, 1.0]], 'lidar2img': [[609.6953812198489, -721.4215942607324, -1.2512579994207247, -167.8990963799692], [180.384193781635, 7.644797989528998, -719.6515015339527, -101.23306821726784], [0.999945342540741, 0.00012436555698513985, 0.010451302863657475, -0.2721328139305115], [0.0, 0.0, 0.0, 1.0]]}, 'CAM1': {'cam2img': [[721.5377, 0.0, 609.5593, -387.5744], [0.0, 721.5377, 172.854, 0.0], [0.0, 0.0, 1.0, 0.0], [0.0, 0.0, 0.0, 1.0]], 'lidar2img': [[609.6953812198489, -721.4215942607324, -1.2512579994207247, -555.4734963799692], [180.384193781635, 7.644797989528998, -719.6515015339527, -101.23306821726784], [0.999945342540741, 0.00012436555698513985, 0.010451302863657475, -0.2721328139305115], [0.0, 0.0, 0.0, 1.0]]}, 'CAM2': {'cam2img': [[721.5377, 0.0, 609.5593, 44.85728], [0.0, 721.5377, 172.854, 0.2163791], [0.0, 0.0, 1.0, 0.002745884], [0.0, 0.0, 0.0, 1.0]], 'lidar2img': [[609.6953812198489, -721.4215942607324, -1.2512579994207247, -123.04181637996919], [180.384193781635, 7.644797989528998, -719.6515015339527, -101.01668911726784], [0.999945342540741, 0.00012436555698513985, 0.010451302863657475, -0.2693869299305115], [0.0, 0.0, 0.0, 1.0]], 'lidar2cam': [[0.00023477384820580482, -0.9999441504478455, -0.01056347694247961, -0.002796816872432828], [0.010449407622218132, 0.01056535355746746, -0.999889612197876, -0.07510878890752792], [0.999945342540741, 0.00012436555698513985, 0.010451302863657475, -0.2721328139305115], [0.0, 0.0, 0.0, 1.0]]}, 'CAM3': {'cam2img': [[721.5377, 0.0, 609.5593, -339.5242], [0.0, 721.5377, 172.854, 2.199936], [0.0, 0.0, 1.0, 0.002729905], [0.0, 0.0, 0.0, 1.0]], 'lidar2img': [[609.6953812198489, -721.4215942607324, -1.2512579994207247, -507.4232963799692], [180.384193781635, 7.644797989528998, -719.6515015339527, -99.03313221726785], [0.999945342540741, 0.00012436555698513985, 0.010451302863657475, -0.2694029089305115], [0.0, 0.0, 0.0, 1.0]]}, 'R0_rect': [[0.9999238848686218, 0.009837759658694267, -0.007445048075169325, 0.0], [-0.00986979529261589, 0.9999421238899231, -0.004278459120541811, 0.0], [0.007402527146041393, 0.0043516140431165695, 0.999963104724884, 0.0], [0.0, 0.0, 0.0, 1.0]]}, 'lidar_points': {'num_pts_feats': 4, 'lidar_path': '000007.bin', 'Tr_velo_to_cam': [[0.0075337449088692665, -0.9999713897705078, -0.00061660201754421, -0.004069766029715538], [0.01480249036103487, 0.0007280732970684767, -0.9998902082443237, -0.07631617784500122], [0.9998620748519897, 0.007523790001869202, 0.014807550236582756, -0.2717806100845337], [0.0, 0.0, 0.0, 1.0]], 'Tr_imu_to_velo': [[0.999997615814209, 0.0007553070900030434, -0.002035825978964567, -0.8086758852005005], [-0.0007854027207940817, 0.9998897910118103, -0.014822980388998985, 0.3195559084415436], [0.002024406101554632, 0.014824540354311466, 0.9998881220817566, -0.7997230887413025], [0.0, 0.0, 0.0, 1.0]]}, 'instances': [{'bbox_label': 2, 'bbox_3d': [-0.69, 1.69, 25.01, 3.2, 1.61, 1.66, -1.59], 'bbox_label_3d': 2, 'score': 0.0, 'index': 0, 'group_id': 0}, {'bbox_label': 2, 'bbox_3d': [-7.43, 1.88, 47.55, 3.7, 1.4, 1.51, 1.55], 'bbox_label_3d': 2, 'score': 0.0, 'index': 1, 'group_id': 1}, {'bbox_label': 2, 'bbox_3d': [-4.71, 1.71, 60.52, 4.05, 1.46, 1.66, 1.56], 'bbox_label_3d': 2, 'score': 0.0, 'index': 2, 'group_id': 2}, {'bbox_label': 1, 'bbox_3d': [-12.63, 1.88, 34.09, 1.95, 1.72, 0.5, 1.54], 'bbox_label_3d': 1, 'score': 0.0, 'index': 3, 'group_id': 3}, {'bbox_label': -1, 'bbox_3d': [-1000.0, -1000.0, -1000.0, -1.0, -1.0, -1.0, -10.0], 'bbox_label_3d': -1, 'score': 0.0, 'index': -1, 'group_id': 4}, {'bbox_label': -1, 'bbox_3d': [-1000.0, -1000.0, -1000.0, -1.0, -1.0, -1.0, -10.0], 'bbox_label_3d': -1, 'score': 0.0, 'index': -1, 'group_id': 5}]}, {'sample_idx': 9, 'images': {'CAM0': {'cam2img': [[721.5377, 0.0, 609.5593, 0.0], [0.0, 721.5377, 172.854, 0.0], [0.0, 0.0, 1.0, 0.0], [0.0, 0.0, 0.0, 1.0]], 'lidar2img': [[609.6953812198489, -721.4215942607324, -1.2512579994207247, -167.8990963799692], [180.384193781635, 7.644797989528998, -719.6515015339527, -101.23306821726784], [0.999945342540741, 0.00012436555698513985, 0.010451302863657475, -0.2721328139305115], [0.0, 0.0, 0.0, 1.0]]}, 'CAM1': {'cam2img': [[721.5377, 0.0, 609.5593, -387.5744], [0.0, 721.5377, 172.854, 0.0], [0.0, 0.0, 1.0, 0.0], [0.0, 0.0, 0.0, 1.0]], 'lidar2img': [[609.6953812198489, -721.4215942607324, -1.2512579994207247, -555.4734963799692], [180.384193781635, 7.644797989528998, -719.6515015339527, -101.23306821726784], [0.999945342540741, 0.00012436555698513985, 0.010451302863657475, -0.2721328139305115], [0.0, 0.0, 0.0, 1.0]]}, 'CAM2': {'cam2img': [[721.5377, 0.0, 609.5593, 44.85728], [0.0, 721.5377, 172.854, 0.2163791], [0.0, 0.0, 1.0, 0.002745884], [0.0, 0.0, 0.0, 1.0]], 'lidar2img': [[609.6953812198489, -721.4215942607324, -1.2512579994207247, -123.04181637996919], [180.384193781635, 7.644797989528998, -719.6515015339527, -101.01668911726784], [0.999945342540741, 0.00012436555698513985, 0.010451302863657475, -0.2693869299305115], [0.0, 0.0, 0.0, 1.0]], 'lidar2cam': [[0.00023477384820580482, -0.9999441504478455, -0.01056347694247961, -0.002796816872432828], [0.010449407622218132, 0.01056535355746746, -0.999889612197876, -0.07510878890752792], [0.999945342540741, 0.00012436555698513985, 0.010451302863657475, -0.2721328139305115], [0.0, 0.0, 0.0, 1.0]]}, 'CAM3': {'cam2img': [[721.5377, 0.0, 609.5593, -339.5242], [0.0, 721.5377, 172.854, 2.199936], [0.0, 0.0, 1.0, 0.002729905], [0.0, 0.0, 0.0, 1.0]], 'lidar2img': [[609.6953812198489, -721.4215942607324, -1.2512579994207247, -507.4232963799692], [180.384193781635, 7.644797989528998, -719.6515015339527, -99.03313221726785], [0.999945342540741, 0.00012436555698513985, 0.010451302863657475, -0.2694029089305115], [0.0, 0.0, 0.0, 1.0]]}, 'R0_rect': [[0.9999238848686218, 0.009837759658694267, -0.007445048075169325, 0.0], [-0.00986979529261589, 0.9999421238899231, -0.004278459120541811, 0.0], [0.007402527146041393, 0.0043516140431165695, 0.999963104724884, 0.0], [0.0, 0.0, 0.0, 1.0]]}, 'lidar_points': {'num_pts_feats': 4, 'lidar_path': '000009.bin', 'Tr_velo_to_cam': [[0.0075337449088692665, -0.9999713897705078, -0.00061660201754421, -0.004069766029715538], [0.01480249036103487, 0.0007280732970684767, -0.9998902082443237, -0.07631617784500122], [0.9998620748519897, 0.007523790001869202, 0.014807550236582756, -0.2717806100845337], [0.0, 0.0, 0.0, 1.0]], 'Tr_imu_to_velo': [[0.999997615814209, 0.0007553070900030434, -0.002035825978964567, -0.8086758852005005], [-0.0007854027207940817, 0.9998897910118103, -0.014822980388998985, 0.3195559084415436], [0.002024406101554632, 0.014824540354311466, 0.9998881220817566, -0.7997230887413025], [0.0, 0.0, 0.0, 1.0]]}, 'instances': [{'bbox_label': 2, 'bbox_3d': [0.7, 1.76, 23.88, 3.2, 1.61, 1.66, -1.48], 'bbox_label_3d': 2, 'score': 0.0, 'index': 0, 'group_id': 0}, {'bbox_label': 2, 'bbox_3d': [0.24, 1.84, 66.37, 3.66, 1.44, 1.61, 1.76], 'bbox_label_3d': 2, 'score': 0.0, 'index': 1, 'group_id': 1}, {'bbox_label': 2, 'bbox_3d': [-2.19, 1.96, 68.25, 3.37, 1.41, 1.53, 1.75], 'bbox_label_3d': 2, 'score': 0.0, 'index': 2, 'group_id': 2}, {'bbox_label': -1, 'bbox_3d': [-1000.0, -1000.0, -1000.0, -1.0, -1.0, -1.0, -10.0], 'bbox_label_3d': -1, 'score': 0.0, 'index': -1, 'group_id': 3}, {'bbox_label': -1, 'bbox_3d': [-1000.0, -1000.0, -1000.0, -1.0, -1.0, -1.0, -10.0], 'bbox_label_3d': -1, 'score': 0.0, 'index': -1, 'group_id': 4}]}, {'sample_idx': 10, 'images': {'CAM0': {'cam2img': [[721.5377, 0.0, 609.5593, 0.0], [0.0, 721.5377, 172.854, 0.0], [0.0, 0.0, 1.0, 0.0], [0.0, 0.0, 0.0, 1.0]], 'lidar2img': [[609.6953812198489, -721.4215942607324, -1.2512579994207247, -167.8990963799692], [180.384193781635, 7.644797989528998, -719.6515015339527, -101.23306821726784], [0.999945342540741, 0.00012436555698513985, 0.010451302863657475, -0.2721328139305115], [0.0, 0.0, 0.0, 1.0]]}, 'CAM1': {'cam2img': [[721.5377, 0.0, 609.5593, -387.5744], [0.0, 721.5377, 172.854, 0.0], [0.0, 0.0, 1.0, 0.0], [0.0, 0.0, 0.0, 1.0]], 'lidar2img': [[609.6953812198489, -721.4215942607324, -1.2512579994207247, -555.4734963799692], [180.384193781635, 7.644797989528998, -719.6515015339527, -101.23306821726784], [0.999945342540741, 0.00012436555698513985, 0.010451302863657475, -0.2721328139305115], [0.0, 0.0, 0.0, 1.0]]}, 'CAM2': {'cam2img': [[721.5377, 0.0, 609.5593, 44.85728], [0.0, 721.5377, 172.854, 0.2163791], [0.0, 0.0, 1.0, 0.002745884], [0.0, 0.0, 0.0, 1.0]], 'lidar2img': [[609.6953812198489, -721.4215942607324, -1.2512579994207247, -123.04181637996919], [180.384193781635, 7.644797989528998, -719.6515015339527, -101.01668911726784], [0.999945342540741, 0.00012436555698513985, 0.010451302863657475, -0.2693869299305115], [0.0, 0.0, 0.0, 1.0]], 'lidar2cam': [[0.00023477384820580482, -0.9999441504478455, -0.01056347694247961, -0.002796816872432828], [0.010449407622218132, 0.01056535355746746, -0.999889612197876, -0.07510878890752792], [0.999945342540741, 0.00012436555698513985, 0.010451302863657475, -0.2721328139305115], [0.0, 0.0, 0.0, 1.0]]}, 'CAM3': {'cam2img': [[721.5377, 0.0, 609.5593, -339.5242], [0.0, 721.5377, 172.854, 2.199936], [0.0, 0.0, 1.0, 0.002729905], [0.0, 0.0, 0.0, 1.0]], 'lidar2img': [[609.6953812198489, -721.4215942607324, -1.2512579994207247, -507.4232963799692], [180.384193781635, 7.644797989528998, -719.6515015339527, -99.03313221726785], [0.999945342540741, 0.00012436555698513985, 0.010451302863657475, -0.2694029089305115], [0.0, 0.0, 0.0, 1.0]]}, 'R0_rect': [[0.9999238848686218, 0.009837759658694267, -0.007445048075169325, 0.0], [-0.00986979529261589, 0.9999421238899231, -0.004278459120541811, 0.0], [0.007402527146041393, 0.0043516140431165695, 0.999963104724884, 0.0], [0.0, 0.0, 0.0, 1.0]]}, 'lidar_points': {'num_pts_feats': 4, 'lidar_path': '000010.bin', 'Tr_velo_to_cam': [[0.0075337449088692665, -0.9999713897705078, -0.00061660201754421, -0.004069766029715538], [0.01480249036103487, 0.0007280732970684767, -0.9998902082443237, -0.07631617784500122], [0.9998620748519897, 0.007523790001869202, 0.014807550236582756, -0.2717806100845337], [0.0, 0.0, 0.0, 1.0]], 'Tr_imu_to_velo': [[0.999997615814209, 0.0007553070900030434, -0.002035825978964567, -0.8086758852005005], [-0.0007854027207940817, 0.9998897910118103, -0.014822980388998985, 0.3195559084415436], [0.002024406101554632, 0.014824540354311466, 0.9998881220817566, -0.7997230887413025], [0.0, 0.0, 0.0, 1.0]]}, 'instances': [{'bbox_label': 2, 'bbox_3d': [4.43, 1.65, 5.2, 3.35, 1.57, 1.65, -1.42], 'bbox_label_3d': 2, 'score': 0.0, 'index': 0, 'group_id': 0}, {'bbox_label': 2, 'bbox_3d': [-2.39, 1.66, 11.8, 3.95, 1.43, 1.7, 1.76], 'bbox_label_3d': 2, 'score': 0.0, 'index': 1, 'group_id': 1}, {'bbox_label': 0, 'bbox_3d': [8.33, 1.55, 23.51, 1.09, 1.96, 0.72, 1.75], 'bbox_label_3d': 0, 'score': 0.0, 'index': 2, 'group_id': 2}, {'bbox_label': 2, 'bbox_3d': [5.85, 1.64, 16.5, 3.24, 1.51, 1.6, -1.44], 'bbox_label_3d': 2, 'score': 0.0, 'index': 3, 'group_id': 3}, {'bbox_label': 2, 'bbox_3d': [6.87, 1.62, 22.05, 4.1, 1.45, 1.74, -1.39], 'bbox_label_3d': 2, 'score': 0.0, 'index': 4, 'group_id': 4}, {'bbox_label': 2, 'bbox_3d': [-0.38, 1.76, 23.64, 3.79, 1.54, 1.68, 1.78], 'bbox_label_3d': 2, 'score': 0.0, 'index': 5, 'group_id': 5}, {'bbox_label': 2, 'bbox_3d': [0.64, 1.74, 29.07, 3.35, 1.49, 1.52, 1.79], 'bbox_label_3d': 2, 'score': 0.0, 'index': 6, 'group_id': 6}, {'bbox_label': 2, 'bbox_3d': [7.88, 1.75, 28.53, 4.37, 1.53, 1.65, -1.4], 'bbox_label_3d': 2, 'score': 0.0, 'index': 7, 'group_id': 7}, {'bbox_label': 2, 'bbox_3d': [4.5, 1.8, 42.85, 3.48, 1.64, 1.45, 2.02], 'bbox_label_3d': 2, 'score': 0.0, 'index': 8, 'group_id': 8}, {'bbox_label': -1, 'bbox_3d': [-1000.0, -1000.0, -1000.0, -1.0, -1.0, -1.0, -10.0], 'bbox_label_3d': -1, 'score': 0.0, 'index': -1, 'group_id': 9}, {'bbox_label': -1, 'bbox_3d': [-1000.0, -1000.0, -1000.0, -1.0, -1.0, -1.0, -10.0], 'bbox_label_3d': -1, 'score': 0.0, 'index': -1, 'group_id': 10}, {'bbox_label': -1, 'bbox_3d': [-1000.0, -1000.0, -1000.0, -1.0, -1.0, -1.0, -10.0], 'bbox_label_3d': -1, 'score': 0.0, 'index': -1, 'group_id': 11}, {'bbox_label': -1, 'bbox_3d': [-1000.0, -1000.0, -1000.0, -1.0, -1.0, -1.0, -10.0], 'bbox_label_3d': -1, 'score': 0.0, 'index': -1, 'group_id': 12}]}, {'sample_idx': 11, 'images': {'CAM0': {'cam2img': [[721.5377, 0.0, 609.5593, 0.0], [0.0, 721.5377, 172.854, 0.0], [0.0, 0.0, 1.0, 0.0], [0.0, 0.0, 0.0, 1.0]], 'lidar2img': [[609.6953812198489, -721.4215942607324, -1.2512579994207247, -167.8990963799692], [180.384193781635, 7.644797989528998, -719.6515015339527, -101.23306821726784], [0.999945342540741, 0.00012436555698513985, 0.010451302863657475, -0.2721328139305115], [0.0, 0.0, 0.0, 1.0]]}, 'CAM1': {'cam2img': [[721.5377, 0.0, 609.5593, -387.5744], [0.0, 721.5377, 172.854, 0.0], [0.0, 0.0, 1.0, 0.0], [0.0, 0.0, 0.0, 1.0]], 'lidar2img': [[609.6953812198489, -721.4215942607324, -1.2512579994207247, -555.4734963799692], [180.384193781635, 7.644797989528998, -719.6515015339527, -101.23306821726784], [0.999945342540741, 0.00012436555698513985, 0.010451302863657475, -0.2721328139305115], [0.0, 0.0, 0.0, 1.0]]}, 'CAM2': {'cam2img': [[721.5377, 0.0, 609.5593, 44.85728], [0.0, 721.5377, 172.854, 0.2163791], [0.0, 0.0, 1.0, 0.002745884], [0.0, 0.0, 0.0, 1.0]], 'lidar2img': [[609.6953812198489, -721.4215942607324, -1.2512579994207247, -123.04181637996919], [180.384193781635, 7.644797989528998, -719.6515015339527, -101.01668911726784], [0.999945342540741, 0.00012436555698513985, 0.010451302863657475, -0.2693869299305115], [0.0, 0.0, 0.0, 1.0]], 'lidar2cam': [[0.00023477384820580482, -0.9999441504478455, -0.01056347694247961, -0.002796816872432828], [0.010449407622218132, 0.01056535355746746, -0.999889612197876, -0.07510878890752792], [0.999945342540741, 0.00012436555698513985, 0.010451302863657475, -0.2721328139305115], [0.0, 0.0, 0.0, 1.0]]}, 'CAM3': {'cam2img': [[721.5377, 0.0, 609.5593, -339.5242], [0.0, 721.5377, 172.854, 2.199936], [0.0, 0.0, 1.0, 0.002729905], [0.0, 0.0, 0.0, 1.0]], 'lidar2img': [[609.6953812198489, -721.4215942607324, -1.2512579994207247, -507.4232963799692], [180.384193781635, 7.644797989528998, -719.6515015339527, -99.03313221726785], [0.999945342540741, 0.00012436555698513985, 0.010451302863657475, -0.2694029089305115], [0.0, 0.0, 0.0, 1.0]]}, 'R0_rect': [[0.9999238848686218, 0.009837759658694267, -0.007445048075169325, 0.0], [-0.00986979529261589, 0.9999421238899231, -0.004278459120541811, 0.0], [0.007402527146041393, 0.0043516140431165695, 0.999963104724884, 0.0], [0.0, 0.0, 0.0, 1.0]]}, 'lidar_points': {'num_pts_feats': 4, 'lidar_path': '000011.bin', 'Tr_velo_to_cam': [[0.0075337449088692665, -0.9999713897705078, -0.00061660201754421, -0.004069766029715538], [0.01480249036103487, 0.0007280732970684767, -0.9998902082443237, -0.07631617784500122], [0.9998620748519897, 0.007523790001869202, 0.014807550236582756, -0.2717806100845337], [0.0, 0.0, 0.0, 1.0]], 'Tr_imu_to_velo': [[0.999997615814209, 0.0007553070900030434, -0.002035825978964567, -0.8086758852005005], [-0.0007854027207940817, 0.9998897910118103, -0.014822980388998985, 0.3195559084415436], [0.002024406101554632, 0.014824540354311466, 0.9998881220817566, -0.7997230887413025], [0.0, 0.0, 0.0, 1.0]]}, 'instances': [{'bbox_label': 0, 'bbox_3d': [5.06, 1.43, 12.42, 1.04, 1.9, 0.42, 0.68], 'bbox_label_3d': 0, 'score': 0.0, 'index': 0, 'group_id': 0}, {'bbox_label': 0, 'bbox_3d': [5.42, 1.5, 13.43, 0.9, 1.87, 0.5, 0.67], 'bbox_label_3d': 0, 'score': 0.0, 'index': 1, 'group_id': 1}, {'bbox_label': 2, 'bbox_3d': [-4.95, 1.83, 26.64, 3.83, 1.86, 1.57, 1.55], 'bbox_label_3d': 2, 'score': 0.0, 'index': 2, 'group_id': 2}, {'bbox_label': 0, 'bbox_3d': [2.2, 1.57, 34.08, 0.95, 1.78, 0.53, -0.33], 'bbox_label_3d': 0, 'score': 0.0, 'index': 3, 'group_id': 3}, {'bbox_label': 2, 'bbox_3d': [-5.12, 1.85, 4.13, 3.7, 1.5, 1.46, 1.56], 'bbox_label_3d': 2, 'score': 0.0, 'index': 4, 'group_id': 4}, {'bbox_label': 0, 'bbox_3d': [-7.92, 1.94, 15.95, 0.41, 1.54, 0.57, 1.57], 'bbox_label_3d': 0, 'score': 0.0, 'index': 5, 'group_id': 5}, {'bbox_label': -1, 'bbox_3d': [-1000.0, -1000.0, -1000.0, -1.0, -1.0, -1.0, -10.0], 'bbox_label_3d': -1, 'score': 0.0, 'index': -1, 'group_id': 6}, {'bbox_label': -1, 'bbox_3d': [-1000.0, -1000.0, -1000.0, -1.0, -1.0, -1.0, -10.0], 'bbox_label_3d': -1, 'score': 0.0, 'index': -1, 'group_id': 7}, {'bbox_label': -1, 'bbox_3d': [-1000.0, -1000.0, -1000.0, -1.0, -1.0, -1.0, -10.0], 'bbox_label_3d': -1, 'score': 0.0, 'index': -1, 'group_id': 8}]}, {'sample_idx': 12, 'images': {'CAM0': {'cam2img': [[721.5377, 0.0, 609.5593, 0.0], [0.0, 721.5377, 172.854, 0.0], [0.0, 0.0, 1.0, 0.0], [0.0, 0.0, 0.0, 1.0]], 'lidar2img': [[609.6953812198489, -721.4215942607324, -1.2512579994207247, -167.8990963799692], [180.384193781635, 7.644797989528998, -719.6515015339527, -101.23306821726784], [0.999945342540741, 0.00012436555698513985, 0.010451302863657475, -0.2721328139305115], [0.0, 0.0, 0.0, 1.0]]}, 'CAM1': {'cam2img': [[721.5377, 0.0, 609.5593, -387.5744], [0.0, 721.5377, 172.854, 0.0], [0.0, 0.0, 1.0, 0.0], [0.0, 0.0, 0.0, 1.0]], 'lidar2img': [[609.6953812198489, -721.4215942607324, -1.2512579994207247, -555.4734963799692], [180.384193781635, 7.644797989528998, -719.6515015339527, -101.23306821726784], [0.999945342540741, 0.00012436555698513985, 0.010451302863657475, -0.2721328139305115], [0.0, 0.0, 0.0, 1.0]]}, 'CAM2': {'cam2img': [[721.5377, 0.0, 609.5593, 44.85728], [0.0, 721.5377, 172.854, 0.2163791], [0.0, 0.0, 1.0, 0.002745884], [0.0, 0.0, 0.0, 1.0]], 'lidar2img': [[609.6953812198489, -721.4215942607324, -1.2512579994207247, -123.04181637996919], [180.384193781635, 7.644797989528998, -719.6515015339527, -101.01668911726784], [0.999945342540741, 0.00012436555698513985, 0.010451302863657475, -0.2693869299305115], [0.0, 0.0, 0.0, 1.0]], 'lidar2cam': [[0.00023477384820580482, -0.9999441504478455, -0.01056347694247961, -0.002796816872432828], [0.010449407622218132, 0.01056535355746746, -0.999889612197876, -0.07510878890752792], [0.999945342540741, 0.00012436555698513985, 0.010451302863657475, -0.2721328139305115], [0.0, 0.0, 0.0, 1.0]]}, 'CAM3': {'cam2img': [[721.5377, 0.0, 609.5593, -339.5242], [0.0, 721.5377, 172.854, 2.199936], [0.0, 0.0, 1.0, 0.002729905], [0.0, 0.0, 0.0, 1.0]], 'lidar2img': [[609.6953812198489, -721.4215942607324, -1.2512579994207247, -507.4232963799692], [180.384193781635, 7.644797989528998, -719.6515015339527, -99.03313221726785], [0.999945342540741, 0.00012436555698513985, 0.010451302863657475, -0.2694029089305115], [0.0, 0.0, 0.0, 1.0]]}, 'R0_rect': [[0.9999238848686218, 0.009837759658694267, -0.007445048075169325, 0.0], [-0.00986979529261589, 0.9999421238899231, -0.004278459120541811, 0.0], [0.007402527146041393, 0.0043516140431165695, 0.999963104724884, 0.0], [0.0, 0.0, 0.0, 1.0]]}, 'lidar_points': {'num_pts_feats': 4, 'lidar_path': '000012.bin', 'Tr_velo_to_cam': [[0.0075337449088692665, -0.9999713897705078, -0.00061660201754421, -0.004069766029715538], [0.01480249036103487, 0.0007280732970684767, -0.9998902082443237, -0.07631617784500122], [0.9998620748519897, 0.007523790001869202, 0.014807550236582756, -0.2717806100845337], [0.0, 0.0, 0.0, 1.0]], 'Tr_imu_to_velo': [[0.999997615814209, 0.0007553070900030434, -0.002035825978964567, -0.8086758852005005], [-0.0007854027207940817, 0.9998897910118103, -0.014822980388998985, 0.3195559084415436], [0.002024406101554632, 0.014824540354311466, 0.9998881220817566, -0.7997230887413025], [0.0, 0.0, 0.0, 1.0]]}, 'instances': [{'bbox_label': 2, 'bbox_3d': [5.35, 2.56, 58.84, 3.51, 1.48, 1.36, -1.75], 'bbox_label_3d': 2, 'score': 0.0, 'index': 0, 'group_id': 0}, {'bbox_label': 3, 'bbox_3d': [-13.02, 2.91, 65.02, 5.78, 2.5, 2.2, 1.5], 'bbox_label_3d': 3, 'score': 0.0, 'index': 1, 'group_id': 1}, {'bbox_label': -1, 'bbox_3d': [-1000.0, -1000.0, -1000.0, -1.0, -1.0, -1.0, -10.0], 'bbox_label_3d': -1, 'score': 0.0, 'index': -1, 'group_id': 2}, {'bbox_label': -1, 'bbox_3d': [-1000.0, -1000.0, -1000.0, -1.0, -1.0, -1.0, -10.0], 'bbox_label_3d': -1, 'score': 0.0, 'index': -1, 'group_id': 3}, {'bbox_label': -1, 'bbox_3d': [-1000.0, -1000.0, -1000.0, -1.0, -1.0, -1.0, -10.0], 'bbox_label_3d': -1, 'score': 0.0, 'index': -1, 'group_id': 4}]}, {'sample_idx': 13, 'images': {'CAM0': {'cam2img': [[721.5377, 0.0, 609.5593, 0.0], [0.0, 721.5377, 172.854, 0.0], [0.0, 0.0, 1.0, 0.0], [0.0, 0.0, 0.0, 1.0]], 'lidar2img': [[609.6953812198489, -721.4215942607324, -1.2512579994207247, -167.8990963799692], [180.384193781635, 7.644797989528998, -719.6515015339527, -101.23306821726784], [0.999945342540741, 0.00012436555698513985, 0.010451302863657475, -0.2721328139305115], [0.0, 0.0, 0.0, 1.0]]}, 'CAM1': {'cam2img': [[721.5377, 0.0, 609.5593, -387.5744], [0.0, 721.5377, 172.854, 0.0], [0.0, 0.0, 1.0, 0.0], [0.0, 0.0, 0.0, 1.0]], 'lidar2img': [[609.6953812198489, -721.4215942607324, -1.2512579994207247, -555.4734963799692], [180.384193781635, 7.644797989528998, -719.6515015339527, -101.23306821726784], [0.999945342540741, 0.00012436555698513985, 0.010451302863657475, -0.2721328139305115], [0.0, 0.0, 0.0, 1.0]]}, 'CAM2': {'cam2img': [[721.5377, 0.0, 609.5593, 44.85728], [0.0, 721.5377, 172.854, 0.2163791], [0.0, 0.0, 1.0, 0.002745884], [0.0, 0.0, 0.0, 1.0]], 'lidar2img': [[609.6953812198489, -721.4215942607324, -1.2512579994207247, -123.04181637996919], [180.384193781635, 7.644797989528998, -719.6515015339527, -101.01668911726784], [0.999945342540741, 0.00012436555698513985, 0.010451302863657475, -0.2693869299305115], [0.0, 0.0, 0.0, 1.0]], 'lidar2cam': [[0.00023477384820580482, -0.9999441504478455, -0.01056347694247961, -0.002796816872432828], [0.010449407622218132, 0.01056535355746746, -0.999889612197876, -0.07510878890752792], [0.999945342540741, 0.00012436555698513985, 0.010451302863657475, -0.2721328139305115], [0.0, 0.0, 0.0, 1.0]]}, 'CAM3': {'cam2img': [[721.5377, 0.0, 609.5593, -339.5242], [0.0, 721.5377, 172.854, 2.199936], [0.0, 0.0, 1.0, 0.002729905], [0.0, 0.0, 0.0, 1.0]], 'lidar2img': [[609.6953812198489, -721.4215942607324, -1.2512579994207247, -507.4232963799692], [180.384193781635, 7.644797989528998, -719.6515015339527, -99.03313221726785], [0.999945342540741, 0.00012436555698513985, 0.010451302863657475, -0.2694029089305115], [0.0, 0.0, 0.0, 1.0]]}, 'R0_rect': [[0.9999238848686218, 0.009837759658694267, -0.007445048075169325, 0.0], [-0.00986979529261589, 0.9999421238899231, -0.004278459120541811, 0.0], [0.007402527146041393, 0.0043516140431165695, 0.999963104724884, 0.0], [0.0, 0.0, 0.0, 1.0]]}, 'lidar_points': {'num_pts_feats': 4, 'lidar_path': '000013.bin', 'Tr_velo_to_cam': [[0.0075337449088692665, -0.9999713897705078, -0.00061660201754421, -0.004069766029715538], [0.01480249036103487, 0.0007280732970684767, -0.9998902082443237, -0.07631617784500122], [0.9998620748519897, 0.007523790001869202, 0.014807550236582756, -0.2717806100845337], [0.0, 0.0, 0.0, 1.0]], 'Tr_imu_to_velo': [[0.999997615814209, 0.0007553070900030434, -0.002035825978964567, -0.8086758852005005], [-0.0007854027207940817, 0.9998897910118103, -0.014822980388998985, 0.3195559084415436], [0.002024406101554632, 0.014824540354311466, 0.9998881220817566, -0.7997230887413025], [0.0, 0.0, 0.0, 1.0]]}, 'instances': [{'bbox_label': 2, 'bbox_3d': [-3.16, 1.77, 20.13, 3.47, 1.45, 1.56, 1.59], 'bbox_label_3d': 2, 'score': 0.0, 'index': 0, 'group_id': 0}, {'bbox_label': -1, 'bbox_3d': [-1000.0, -1000.0, -1000.0, -1.0, -1.0, -1.0, -10.0], 'bbox_label_3d': -1, 'score': 0.0, 'index': -1, 'group_id': 1}]}, {'sample_idx': 14, 'images': {'CAM0': {'cam2img': [[721.5377, 0.0, 609.5593, 0.0], [0.0, 721.5377, 172.854, 0.0], [0.0, 0.0, 1.0, 0.0], [0.0, 0.0, 0.0, 1.0]], 'lidar2img': [[609.6953812198489, -721.4215942607324, -1.2512579994207247, -167.8990963799692], [180.384193781635, 7.644797989528998, -719.6515015339527, -101.23306821726784], [0.999945342540741, 0.00012436555698513985, 0.010451302863657475, -0.2721328139305115], [0.0, 0.0, 0.0, 1.0]]}, 'CAM1': {'cam2img': [[721.5377, 0.0, 609.5593, -387.5744], [0.0, 721.5377, 172.854, 0.0], [0.0, 0.0, 1.0, 0.0], [0.0, 0.0, 0.0, 1.0]], 'lidar2img': [[609.6953812198489, -721.4215942607324, -1.2512579994207247, -555.4734963799692], [180.384193781635, 7.644797989528998, -719.6515015339527, -101.23306821726784], [0.999945342540741, 0.00012436555698513985, 0.010451302863657475, -0.2721328139305115], [0.0, 0.0, 0.0, 1.0]]}, 'CAM2': {'cam2img': [[721.5377, 0.0, 609.5593, 44.85728], [0.0, 721.5377, 172.854, 0.2163791], [0.0, 0.0, 1.0, 0.002745884], [0.0, 0.0, 0.0, 1.0]], 'lidar2img': [[609.6953812198489, -721.4215942607324, -1.2512579994207247, -123.04181637996919], [180.384193781635, 7.644797989528998, -719.6515015339527, -101.01668911726784], [0.999945342540741, 0.00012436555698513985, 0.010451302863657475, -0.2693869299305115], [0.0, 0.0, 0.0, 1.0]], 'lidar2cam': [[0.00023477384820580482, -0.9999441504478455, -0.01056347694247961, -0.002796816872432828], [0.010449407622218132, 0.01056535355746746, -0.999889612197876, -0.07510878890752792], [0.999945342540741, 0.00012436555698513985, 0.010451302863657475, -0.2721328139305115], [0.0, 0.0, 0.0, 1.0]]}, 'CAM3': {'cam2img': [[721.5377, 0.0, 609.5593, -339.5242], [0.0, 721.5377, 172.854, 2.199936], [0.0, 0.0, 1.0, 0.002729905], [0.0, 0.0, 0.0, 1.0]], 'lidar2img': [[609.6953812198489, -721.4215942607324, -1.2512579994207247, -507.4232963799692], [180.384193781635, 7.644797989528998, -719.6515015339527, -99.03313221726785], [0.999945342540741, 0.00012436555698513985, 0.010451302863657475, -0.2694029089305115], [0.0, 0.0, 0.0, 1.0]]}, 'R0_rect': [[0.9999238848686218, 0.009837759658694267, -0.007445048075169325, 0.0], [-0.00986979529261589, 0.9999421238899231, -0.004278459120541811, 0.0], [0.007402527146041393, 0.0043516140431165695, 0.999963104724884, 0.0], [0.0, 0.0, 0.0, 1.0]]}, 'lidar_points': {'num_pts_feats': 4, 'lidar_path': '000014.bin', 'Tr_velo_to_cam': [[0.0075337449088692665, -0.9999713897705078, -0.00061660201754421, -0.004069766029715538], [0.01480249036103487, 0.0007280732970684767, -0.9998902082443237, -0.07631617784500122], [0.9998620748519897, 